position:
      x: 0.000730744393569014
      y: -0.051625189597564985
      z: 0.0
    orientation:
      x: 0.0
      y: 0.0
      z: -0.004679889463052908
      w: 0.9999890492573474